5	1.67137e-005 0.319088 2.89094e-017 0.00020931 0.576209 0.104475 9.74592e-007 
5	1.57444e-006 0.0086158 1.69739e-023 0.0158442 0.974691 0.000846906 2.82824e-010 
4	0.000205759 0.000142944 6.90725e-023 0.834952 0.0856772 0.0790212 1.10397e-006 
5	1.60464e-007 0.000441581 2.27382e-017 0.00232217 0.957146 0.0400891 8.01305e-007 
2	0.00600988 0.901792 3.37309e-021 0.0247489 0.066193 0.00125623 5.8501e-008 
2	3.08804e-005 0.946818 6.05026e-025 2.31063e-005 0.0125046 0.0406236 2.626e-011 
4	0.00505278 7.89178e-005 9.86188e-019 0.982225 0.000314608 0.0123228 6.29823e-006 
5	0.0122924 0.107718 4.05212e-021 0.122161 0.733572 0.0242541 3.34315e-006 
6	0.00431936 0.347036 3.96432e-016 0.000589264 0.0040424 0.63746 0.00655236 
5	1.31627e-005 2.27806e-005 1.45209e-023 0.0967306 0.891074 0.0121595 1.19743e-008 
4	2.23109e-006 7.87662e-005 1.50376e-028 0.644434 0.355397 8.82739e-005 4.02638e-011 
5	0.000182254 0.00956514 3.59288e-022 0.0691841 0.801849 0.11922 1.6187e-007 
5	2.32114e-005 0.00386574 4.52001e-023 0.00349198 0.990238 0.00238103 2.88067e-007 
6	0.00198188 0.00513785 4.00548e-019 0.0211491 0.00141101 0.970297 2.37295e-005 
6	2.48474e-008 1.36396e-007 1.10811e-022 0.0030652 0.0140275 0.982907 4.0272e-010 
6	1.593e-005 0.000520293 4.5706e-018 0.000831921 2.63878e-005 0.998605 5.42092e-008 
4	2.30857e-005 0.00201947 1.07624e-019 0.8273 0.162496 0.00815674 4.69537e-006 
2	9.47012e-005 0.519895 5.2168e-022 0.00931527 0.357329 0.113362 2.89675e-006 
5	7.4587e-007 0.00398908 7.3685e-019 0.065196 0.92785 0.00296416 2.41975e-007 
4	0.000584189 0.00892269 1.37365e-026 0.781739 0.176572 0.0321821 5.85441e-010 
4	0.00059145 0.00212279 1.16933e-021 0.901363 0.0645762 0.0313463 1.72731e-007 
6	0.000607776 0.00709823 1.60351e-019 0.000938989 4.85058e-005 0.991306 1.0113e-007 
5	0.035174 0.292007 2.12597e-016 0.262029 0.314835 0.0959256 2.90243e-005 
6	1.49081e-005 0.0004106 3.03923e-026 0.0137626 0.0721226 0.913689 5.05976e-011 
6	0.00512083 0.0891832 1.09176e-020 0.0136804 0.010899 0.881116 1.30673e-007 
6	6.08414e-007 2.01799e-005 1.37917e-018 0.210746 0.0363955 0.752837 2.77425e-008 
2	0.0530188 0.687118 1.44077e-021 0.00660507 0.0251996 0.228058 3.77678e-010 
2	3.61079e-005 0.888257 4.33963e-026 6.42432e-005 0.111462 0.000180975 3.65845e-011 
5	4.91304e-009 3.21366e-005 3.15621e-023 0.162174 0.837719 7.52611e-005 1.62525e-009 
2	0.00137637 0.99405 2.15813e-015 1.69335e-011 1.91852e-006 0.0045704 1.3835e-006 
2	0.000856921 0.531753 4.70895e-022 0.337801 0.124974 0.00461533 4.72687e-008 
4	7.61121e-005 0.00680991 2.4428e-023 0.512677 0.474083 0.00635412 1.18796e-008 
4	9.52915e-006 0.0238019 1.5962e-020 0.598059 0.37401 0.00411469 4.90871e-006 
5	0.000237937 0.00164299 3.97419e-018 0.0311089 0.63528 0.331708 2.16638e-005 
5	4.20767e-005 0.0189456 6.88896e-019 0.0386898 0.942257 6.47365e-005 6.44373e-007 
6	7.1637e-008 7.11211e-005 3.97172e-022 0.2123 0.00627618 0.781352 1.81969e-009 
2	4.86729e-005 0.955163 2.22353e-023 0.000604118 0.0378411 0.00634331 9.86418e-011 
4	0.00170498 0.294971 4.13566e-021 0.649516 0.0130811 0.0407272 1.5553e-009 
6	0.00591146 3.36109e-005 1.24267e-018 7.37452e-005 0.000431775 0.993549 4.65364e-007 
4	0.000320005 3.34313e-007 4.34384e-020 0.955683 0.0432962 0.00070063 4.02856e-010 
4	0.0658858 0.199536 9.12007e-022 0.495804 0.0243496 0.214422 2.82102e-006 
5	2.41519e-006 0.0745954 2.17788e-020 0.00177026 0.92352 0.000111975 3.11585e-009 
6	0.00487998 0.06551 5.14007e-021 0.0152544 0.248454 0.665902 8.6696e-009 
6	3.62644e-005 0.0221918 1.46251e-019 0.0213439 0.243505 0.712923 6.63337e-008 
4	0.0268151 0.00140633 2.30307e-014 0.9703 0.000120277 0.00135841 3.30482e-007 
4	4.28602e-008 3.33845e-007 3.06942e-015 0.706877 0.293123 1.66022e-008 3.92007e-008 
6	0.00366945 0.0440201 4.88523e-022 0.137351 0.0212893 0.79367 8.72807e-010 
4	0.0533631 0.00650784 3.1403e-020 0.92314 0.000629716 0.016358 1.29714e-006 
6	9.81922e-007 0.0210786 1.86712e-016 1.26882e-009 0.000144248 0.978776 6.94405e-010 
2	5.35688e-005 0.750221 4.06635e-023 0.000215359 0.067935 0.181575 3.82394e-009 
4	0.000301764 0.0340569 1.63889e-024 0.661101 0.084124 0.220416 1.30329e-008 
5	0.00136858 0.0027231 1.93758e-026 0.172594 0.804504 0.0188104 2.84026e-010 
2	0.000586032 0.998128 1.46758e-024 1.69304e-010 1.18808e-005 0.00127463 3.94915e-012 
5	2.94742e-012 1.31252e-010 9.7914e-025 0.00176362 0.998221 1.56373e-005 1.41504e-015 
6	7.6594e-006 0.00375771 6.17528e-015 1.86107e-006 1.5514e-005 0.996217 1.40785e-008 
2	0.0228634 0.974108 1.78484e-019 8.15246e-008 0.00292469 0.000103821 4.30474e-010 
2	0.000251129 0.999749 2.25468e-017 4.25738e-016 2.97042e-008 3.72921e-008 9.85601e-010 
5	4.17691e-007 0.00659558 1.21761e-028 0.0182673 0.975091 4.51939e-005 4.02655e-011 
5	7.37806e-005 0.266931 2.77783e-025 0.00641771 0.710274 0.0163035 2.60294e-008 
6	1.66847e-005 0.000557185 1.1523e-020 4.34638e-008 0.00468945 0.994736 1.96154e-007 
6	3.51238e-007 0.0390628 1.03661e-016 4.92609e-006 5.67172e-006 0.960926 1.81559e-012 
4	2.83337e-006 0.00108047 5.39765e-023 0.872153 0.12672 4.37036e-005 3.23871e-009 
5	0.000169287 0.286098 2.27478e-023 0.0292891 0.616463 0.0679803 9.27176e-009 
5	1.65981e-007 2.31656e-005 4.42412e-023 0.000280609 0.999691 5.2829e-006 2.42714e-009 
6	0.000110628 0.00639615 2.0258e-013 0.00352685 1.36982e-006 0.989939 2.59774e-005 
2	0.0277757 0.87936 1.43441e-022 0.0197227 0.0691152 0.00402655 3.73856e-008 
6	0.00546506 0.00028317 8.26387e-018 0.183117 0.0415233 0.769611 1.67864e-007 
2	0.0055476 0.814502 1.17649e-020 2.32297e-006 0.136333 0.0436152 4.47223e-010 
5	5.20654e-010 1.59149e-005 2.36932e-027 0.00502468 0.994957 2.34177e-006 7.76796e-012 
4	0.000733657 0.00109089 5.52694e-024 0.987278 0.00398942 0.00690736 7.91197e-008 
5	1.35474e-009 8.25175e-005 1.56508e-026 0.0282966 0.970836 0.000784878 5.88762e-011 
5	6.35229e-006 0.0435848 2.40109e-026 0.298362 0.652086 0.00596032 5.42126e-010 
5	0.00881863 0.136061 1.10003e-023 0.129945 0.725091 8.37469e-005 1.65562e-008 
5	8.28239e-006 9.10668e-005 1.52497e-024 0.0196263 0.980141 0.00013308 3.76781e-012 
4	4.54671e-010 9.89454e-007 3.88215e-025 0.854913 0.145086 5.61543e-008 1.01317e-011 
5	3.98363e-005 0.0851562 4.48752e-023 1.90043e-005 0.855506 0.0592792 1.80928e-008 
2	0.0181007 0.89848 5.49441e-025 0.006515 0.0745238 0.00238006 5.55736e-009 
5	0.000105632 0.0247798 1.92636e-021 1.403e-007 0.526616 0.448498 1.46432e-010 
2	7.01722e-006 0.988257 3.00946e-019 1.27997e-008 0.0116837 5.23203e-005 1.09548e-007 
2	0.048728 0.714612 5.02241e-020 0.220827 0.0129235 0.00290167 7.76143e-006 
4	3.27326e-009 2.22414e-006 6.88997e-028 0.993714 0.00599119 0.00029251 2.55218e-014 
1	0.775081 0.0779984 1.62288e-020 0.000134742 0.000408206 0.146378 4.74373e-008 
2	3.58533e-005 0.529741 7.04082e-026 0.000180996 0.45053 0.0195123 2.55722e-011 
5	8.09752e-006 0.00142659 5.50454e-025 0.0355666 0.962433 0.000565993 1.66983e-007 
6	0.127504 0.273675 9.42483e-021 0.00182993 0.0128015 0.58419 3.84429e-007 
2	0.0125651 0.726211 7.09163e-016 0.0312202 0.0227358 0.205485 0.00178323 
2	0.0157859 0.935463 6.96886e-019 5.63146e-007 4.44122e-008 0.048751 2.12577e-010 
6	2.28011e-005 0.0069663 2.0046e-011 0.000539582 0.0252182 0.963588 0.00366471 
5	1.20302e-006 8.99072e-007 1.3205e-020 0.275248 0.695902 0.0288476 1.1539e-010 
4	1.62976e-009 1.3118e-006 1.769e-026 0.813647 0.186116 0.000236244 5.6405e-011 
4	9.00717e-006 0.000305012 1.62018e-023 0.995997 0.00336118 0.00032729 2.95756e-010 
4	1.165e-009 9.17679e-007 2.26902e-026 0.837429 0.16257 3.50177e-007 7.54561e-013 
4	0.243945 0.291256 8.86026e-018 0.385163 0.00576502 0.0738695 1.46265e-006 
5	1.35234e-005 0.0647386 1.15275e-026 6.21564e-006 0.923318 0.0119237 1.70961e-010 
5	3.59902e-008 0.000405735 1.34011e-026 0.020874 0.978009 0.000711229 7.6715e-010 
6	1.0248e-005 0.00179933 3.11738e-022 0.0107694 0.00241127 0.98501 7.26511e-010 
5	3.01046e-006 0.0122289 3.85865e-018 0.0079145 0.979513 0.000340607 2.00416e-008 
4	1.08881e-007 1.53665e-006 9.49435e-024 0.994551 0.00540872 3.81362e-005 2.5905e-010 
5	1.12817e-005 2.69939e-005 7.36452e-026 0.0126438 0.978333 0.00898515 2.90801e-010 
5	4.80902e-006 0.00200541 6.90382e-023 0.187655 0.805075 0.00525926 8.77538e-011 
5	2.07922e-008 9.96464e-006 3.12409e-026 0.0145466 0.985342 0.000101513 4.59088e-011 
5	0.000198252 0.0879426 1.8247e-021 0.298452 0.55865 0.0547558 1.5836e-006 
2	0.0166041 0.797033 4.02698e-015 1.48822e-006 0.00011758 0.186243 1.04237e-006 
6	2.56433e-005 9.98051e-006 3.84895e-016 7.30304e-007 0.0640265 0.935937 2.96525e-009 
6	0.15863 0.258802 1.1652e-020 0.03115 0.0111079 0.540288 2.20189e-005 
4	9.81041e-008 0.000234075 1.03608e-025 0.944638 0.0537166 0.00141061 2.08232e-011 
1	0.477943 0.209474 8.33493e-014 0.163875 7.32601e-006 0.148701 2.05709e-007 
6	7.97659e-006 4.01953e-007 2.22837e-014 3.00424e-006 0.000135966 0.999846 6.3913e-006 
5	5.11681e-005 0.20432 4.36756e-023 0.000787778 0.793913 0.000927904 5.74745e-009 
4	0.00106591 5.81093e-005 4.89501e-014 0.777273 0.00474127 0.216851 1.0359e-005 
5	0.000248396 0.210561 5.54056e-024 0.174872 0.585218 0.0291001 4.70809e-007 
2	0.000474614 0.999442 6.1627e-022 5.92409e-009 1.03304e-005 7.18256e-005 1.55489e-006 
2	0.00111389 0.78278 7.93913e-022 0.0239127 0.191066 0.00112687 8.30197e-007 
4	0.000157563 0.219164 2.53294e-020 0.46974 0.111673 0.199265 4.33361e-007 
5	7.0668e-008 2.76797e-006 3.58552e-024 0.00207036 0.997864 6.26761e-005 1.42439e-010 
6	0.0219212 0.0112452 4.86192e-023 0.168386 0.0475498 0.750898 2.53797e-009 
5	1.76419e-006 0.00954203 7.77839e-025 2.06998e-005 0.972178 0.0182578 1.78512e-009 
4	1.60882e-006 0.000228445 3.12123e-018 0.971825 0.027885 4.16728e-005 1.86791e-005 
6	0.000287986 0.00176494 1.28586e-020 2.53259e-007 0.000227462 0.997719 7.07532e-010 
6	9.92615e-005 0.0718063 6.92061e-020 0.000564099 0.149212 0.778318 1.75704e-008 
4	0.0033124 0.0289618 3.8636e-020 0.530012 0.437422 0.000291291 1.85365e-008 
2	0.00228922 0.695422 7.71833e-020 1.89737e-008 0.000130617 0.302157 1.1818e-006 
1	0.704076 0.295764 1.55523e-021 2.73365e-009 4.22715e-007 0.000159192 6.74826e-011 
5	0.00439071 0.0982522 1.83112e-020 0.0542062 0.668784 0.17347 0.000897268 
6	9.50998e-005 0.0204477 2.55938e-019 2.25971e-005 0.0131489 0.966286 1.56948e-007 
2	0.000254356 0.999334 2.25319e-021 2.85529e-006 2.01029e-005 0.000388552 8.05611e-009 
6	3.09884e-005 0.135331 6.48309e-022 0.000401839 0.102269 0.761967 1.44624e-008 
1	0.947154 0.0520904 8.04724e-020 9.50772e-005 3.032e-005 0.000629668 1.76562e-007 
4	0.0124095 0.000101741 3.67512e-021 0.587352 0.400124 1.32538e-005 1.47163e-008 
5	0.0208484 0.00622809 3.24151e-017 2.41911e-006 0.931239 0.0416821 9.29248e-009 
2	0.0457897 0.899229 2.43121e-016 0.000356352 6.93597e-005 0.0545037 5.23531e-005 
6	0.0605074 0.000179659 1.2421e-016 0.300246 9.93931e-005 0.638966 1.50817e-006 
2	0.0642196 0.686926 9.49239e-022 0.177581 0.0610855 0.0101868 2.155e-007 
5	0.00360389 0.000859127 4.37889e-022 0.0118055 0.983249 0.000482213 1.10851e-008 
5	1.28086e-006 0.00255724 6.24093e-025 0.0537046 0.937215 0.00652232 3.77391e-010 
5	2.40994e-008 0.0659489 7.18659e-025 0.000416915 0.926866 0.00676853 1.15808e-012 
2	0.00513254 0.704008 1.17827e-009 0.00171016 0.0106545 0.277356 0.00113958 
5	0.0102597 0.110375 2.80383e-017 0.000114852 0.861003 0.0182465 1.4921e-006 
5	2.01605e-007 0.0951491 2.88794e-026 0.00856226 0.895684 0.000604772 3.53383e-009 
2	3.16986e-005 0.522304 4.0329e-023 5.7554e-005 0.0229796 0.454627 1.13098e-008 
5	1.47276e-005 0.170705 1.04379e-025 0.0105739 0.660953 0.157753 1.66109e-009 
5	0.000309793 0.0567758 4.38634e-024 0.000813523 0.941672 0.000428464 3.53176e-008 
5	0.000203074 0.0509373 4.06841e-013 1.60665e-006 0.88726 0.0430167 0.018581 
2	0.00462236 0.995339 2.91299e-018 2.09399e-009 3.82964e-005 5.55974e-007 3.03191e-010 
5	0.000347458 0.228636 3.97029e-019 0.213992 0.550943 0.00608105 3.67429e-007 
4	2.65138e-007 1.58686e-005 4.28772e-023 0.876183 0.122068 0.00173243 1.57382e-011 
4	2.24948e-009 6.20009e-008 1.5511e-024 0.999121 0.000875823 2.88358e-006 1.39303e-010 
5	0.000598302 0.000415724 1.07142e-019 0.0731676 0.921091 0.00472775 2.94252e-008 
4	3.75237e-009 0.000111249 2.03349e-025 0.993764 0.00594622 0.000178628 2.71101e-011 
6	2.18034e-006 0.000303805 1.99369e-020 0.00874523 0.492044 0.498905 1.86259e-008 
6	1.90231e-009 2.54338e-005 4.24893e-025 3.82645e-009 0.00239259 0.997582 1.43506e-012 
4	1.96462e-006 1.92753e-005 2.49812e-017 0.952637 0.0471239 0.000217442 7.44234e-008 
5	0.00138961 0.195995 8.61694e-022 0.0473581 0.735097 0.020161 2.11932e-008 
5	0.00071655 0.00264651 2.85713e-026 0.248312 0.74798 0.000344661 5.87278e-009 
5	4.50266e-009 6.76459e-006 3.74609e-019 0.0463706 0.952578 0.00104498 4.05285e-011 
6	8.29219e-005 0.000118548 4.91448e-020 0.0480775 0.00639653 0.945324 8.26832e-010 
2	0.000392894 0.999566 9.48839e-023 1.39237e-007 1.54196e-005 2.59106e-005 1.44227e-010 
6	6.88679e-005 0.017416 1.15214e-023 0.0298736 0.310162 0.64248 4.35477e-008 
5	2.52875e-006 0.000338771 4.85862e-024 0.00778142 0.910512 0.0813656 9.95957e-012 
2	0.112204 0.828996 7.47723e-021 0.000100347 0.00473372 0.0539666 4.02828e-009 
2	0.00142642 0.873904 2.36552e-017 3.79811e-006 0.123548 0.00111637 1.44272e-006 
4	2.78473e-006 7.92578e-005 3.9452e-024 0.922198 0.07695 0.000770074 1.51871e-010 
5	0.0161345 0.32003 2.51815e-018 0.0127342 0.364862 0.286235 4.26756e-006 
1	0.682691 0.315611 2.80822e-020 4.29381e-006 1.86122e-005 0.00167516 3.66198e-009 
5	2.48516e-005 0.00971233 1.0106e-023 0.0132268 0.972443 0.00459304 5.04677e-010 
5	0.000227532 0.0880476 5.87768e-020 0.249565 0.660088 0.00204925 2.25373e-005 
5	6.83749e-006 0.0071397 8.34476e-025 0.0151064 0.933668 0.0440786 2.81046e-009 
4	6.25534e-006 3.74996e-005 7.33603e-024 0.942238 0.0574935 0.000224715 9.87803e-010 
2	1.68918e-005 0.694572 6.10209e-024 0.00271196 0.302297 0.000402749 4.79549e-009 
6	1.61398e-005 0.0340538 5.04985e-024 0.00115151 0.0117995 0.952979 1.25925e-008 
2	0.00597871 0.970493 4.36757e-021 1.07193e-005 0.0194868 0.00402883 1.99179e-006 
6	0.100421 0.00103143 1.40438e-013 0.000245948 4.04499e-005 0.898258 2.9988e-006 
4	3.18329e-006 0.00111087 3.10104e-022 0.595488 0.0148107 0.388587 7.78829e-008 
5	3.61842e-006 0.000619397 8.93706e-025 0.206855 0.792503 1.91566e-005 2.84525e-011 
6	0.000133171 0.0917444 1.28573e-018 0.00818751 0.00658567 0.893349 7.57901e-007 
4	0.170382 0.233383 6.15787e-021 0.508334 0.0784687 0.00943157 3.90428e-007 
6	0.00110906 0.000187781 8.7652e-018 2.65548e-005 0.020276 0.978401 1.26363e-008 
2	0.000115907 0.630177 9.16115e-018 0.000947954 0.368472 0.000285053 1.8292e-006 
5	6.12689e-005 0.0147772 2.18754e-018 5.08798e-005 0.980871 0.00423929 1.06804e-007 
4	0.00186851 0.0716305 3.13443e-024 0.718722 0.175049 0.0327298 1.70371e-007 
6	1.70922e-007 3.4876e-005 1.75491e-019 0.000562389 0.000328299 0.999074 2.10341e-012 
4	1.76069e-006 0.000113401 8.07699e-019 0.835568 0.131015 0.0333007 1.03094e-006 
5	3.87108e-009 2.16201e-007 5.6815e-018 1.16065e-006 0.913937 0.0860614 3.42499e-010 
4	8.05488e-010 4.64475e-007 7.23509e-027 0.996993 0.00292872 7.79704e-005 5.77825e-012 
2	9.38118e-005 0.410576 6.86647e-024 0.00243236 0.324364 0.262534 7.48733e-010 
4	1.84907e-006 0.00215339 1.79952e-024 0.554115 0.443705 2.49839e-005 1.15317e-008 
2	0.0129297 0.592983 1.05536e-021 0.278267 0.0084 0.107418 1.11635e-006 
4	0.00204693 0.00511178 3.83055e-025 0.967061 0.0233791 0.00240139 1.45548e-009 
5	5.30748e-005 0.00259578 1.95276e-020 0.0722303 0.925092 2.88149e-005 6.25182e-009 
2	0.00429363 0.979148 7.73388e-019 1.64558e-005 0.0161189 0.000422514 2.6504e-007 
6	0.000184629 0.001072 2.69106e-018 0.000289128 0.00286107 0.995593 1.79984e-009 
4	1.66459e-008 6.63243e-005 3.38591e-019 0.989544 0.009451 0.000938049 1.09261e-006 
6	0.364096 0.225607 5.87845e-018 0.00179682 0.00167571 0.405176 0.00164762 
1	0.595493 0.0165376 9.8234e-019 0.00526953 0.000496276 0.382204 8.02076e-008 
5	2.48179e-005 0.00066745 3.02899e-026 0.0309301 0.968054 0.000323268 5.60953e-009 
2	0.000382872 0.532729 6.54967e-019 0.0365398 0.368189 0.0621582 6.23302e-007 
5	6.14851e-006 0.00098749 3.16459e-026 0.307789 0.691205 1.18426e-005 7.26158e-010 
4	4.52049e-007 6.07368e-005 3.52189e-024 0.987212 0.00788335 0.00484391 1.34039e-009 
2	1.51386e-005 0.546054 8.88338e-020 1.36641e-005 0.453863 5.43177e-005 3.0187e-008 
5	1.89591e-005 0.136679 6.08911e-021 0.0111508 0.776005 0.0761463 9.10111e-010 
5	2.15739e-005 3.46887e-005 1.77558e-021 0.000114984 0.999231 0.000597822 3.65326e-010 
5	1.1973e-006 0.0683366 2.28325e-027 0.00586929 0.925246 0.000547347 8.47092e-010 
2	0.000286589 0.968356 1.60696e-023 0.0150657 0.0155817 0.000709873 1.59387e-009 
2	0.000584875 0.977084 1.4201e-017 1.24398e-005 0.0223177 1.29884e-006 2.94322e-008 
2	0.00460836 0.925059 5.40343e-021 0.00274213 0.0363811 0.0312092 6.53325e-009 
6	1.06638e-008 0.00172818 1.24267e-023 8.61138e-005 0.345913 0.652273 4.57405e-011 
5	0.000296577 0.00737531 4.32892e-024 0.00629527 0.893531 0.0925019 3.414e-008 
5	0.000135476 0.0157426 1.61285e-022 0.00144716 0.969303 0.0133722 5.51513e-008 
5	2.36503e-007 2.87201e-005 2.01883e-019 2.53289e-007 0.999866 0.000104841 1.51094e-011 
1	0.691039 0.252529 3.79753e-021 4.39305e-006 0.0541338 0.00229365 2.75972e-009 
4	6.57171e-006 0.0035175 4.89367e-026 0.65238 0.343806 0.000289946 1.94306e-011 
5	3.96651e-006 0.00275274 1.45442e-024 0.000216498 0.994437 0.00258936 6.21394e-009 
2	0.0758765 0.854611 5.06314e-013 5.58972e-005 0.000903954 0.0428784 0.0256743 
2	0.0440857 0.590144 1.14932e-022 0.00092378 0.362818 0.002028 1.40705e-008 
5	1.58862e-005 0.0402295 1.04834e-025 0.245134 0.676626 0.0379939 3.09652e-008 
6	2.91998e-007 0.000492523 1.70542e-021 0.069572 0.00486375 0.925071 1.48643e-008 
2	0.0440269 0.930128 4.93197e-020 5.78192e-006 0.0258343 5.2307e-006 4.37855e-010 
2	1.80866e-005 0.611659 1.58176e-019 6.82427e-005 0.388207 4.71694e-005 5.91889e-009 
5	0.0067043 0.18277 1.10277e-020 0.00255743 0.792477 0.0153894 0.000101291 
6	6.06725e-006 0.0084101 3.94316e-020 0.121299 0.044162 0.826123 1.18246e-008 
5	9.4777e-005 0.00365379 3.48432e-022 0.347315 0.524245 0.124692 1.36152e-007 
5	0.00126604 0.0363649 2.13795e-022 0.258251 0.591593 0.112526 6.52646e-009 
6	1.69784e-008 6.67869e-007 1.31655e-020 2.68867e-009 0.00141404 0.998585 6.57096e-013 
2	5.15755e-005 0.928103 2.34119e-021 2.10069e-005 0.0108985 0.0609261 1.41593e-007 
2	0.334603 0.665397 4.61342e-019 2.54841e-007 2.66068e-008 1.15816e-007 3.32119e-009 
2	0.0159507 0.613255 1.30748e-021 0.000207603 0.00436821 0.366219 4.75423e-011 
5	6.41257e-007 2.08159e-005 1.66682e-024 9.38973e-005 0.999885 3.11844e-008 8.99832e-012 
2	4.12327e-005 0.999957 7.13455e-017 9.75694e-011 7.68175e-008 3.24903e-007 9.89565e-007 
6	0.0185828 0.0610899 3.00226e-018 4.88166e-006 0.000215378 0.920106 9.10238e-007 
2	0.000305422 0.505089 4.39794e-019 0.0800388 0.414437 0.000126964 2.55289e-006 
6	0.00195644 0.101371 8.33551e-021 3.85395e-006 0.19595 0.700719 1.15432e-008 
5	1.47802e-007 0.00103565 5.02849e-022 0.000467258 0.923069 0.0754275 2.8187e-012 
4	2.70755e-006 2.25315e-006 9.37746e-025 0.991467 0.00414811 0.00437994 5.90943e-012 
5	1.22302e-006 0.00483058 2.99983e-026 0.174492 0.820514 0.000162178 2.8295e-010 
5	0.00432347 0.0896533 2.30537e-020 0.0358783 0.853415 0.0167301 3.2053e-008 
2	0.000595683 0.738138 3.50953e-017 1.87753e-005 0.00308263 0.258164 1.48005e-006 
2	0.00181011 0.736484 6.53916e-016 0.089508 0.165383 0.00272195 0.00409274 
5	4.09728e-009 0.00485709 7.04668e-022 0.000109577 0.958351 0.0366827 2.29927e-008 
6	8.94304e-005 0.00127636 5.32965e-015 0.00322143 1.11168e-005 0.995192 0.000209848 
2	0.0235275 0.815269 2.27641e-017 0.000439319 0.0042214 0.156526 1.71739e-005 
5	5.11364e-006 0.0762664 4.27512e-025 0.00264968 0.919567 0.00151204 4.79281e-009 
6	6.72717e-006 1.39308e-005 1.68986e-017 1.9321e-005 0.0014782 0.998482 4.87571e-009 
2	0.000552273 0.998549 3.32463e-016 8.59531e-006 0.000599313 0.000242451 4.85585e-005 
5	7.84427e-008 4.40642e-006 4.85935e-025 0.189656 0.810106 0.000233494 6.60719e-010 
2	0.00035808 0.956582 1.44682e-025 2.02823e-005 0.0409887 0.00205067 1.4632e-010 
1	0.968488 0.000372092 1.38329e-020 0.00105398 0.000301702 0.0297844 4.01514e-010 
6	3.98935e-009 1.42604e-005 2.78531e-023 2.54098e-010 0.00019163 0.999794 3.09468e-016 
2	0.00823854 0.991661 4.12398e-016 1.62218e-006 5.14466e-005 8.48553e-007 4.65498e-005 
5	2.55405e-005 0.00502998 2.20679e-024 0.00343033 0.987479 0.00403492 1.74376e-007 
4	1.21598e-007 7.53249e-005 6.23041e-025 0.975552 0.0233958 0.000976478 1.23176e-009 
4	5.47325e-007 0.00142296 7.57185e-024 0.532738 0.450181 0.0156572 1.7357e-008 
6	7.26787e-009 1.71837e-007 4.47158e-022 7.45788e-006 0.00032386 0.999668 2.85504e-012 
5	1.33445e-007 7.63933e-005 1.3753e-025 1.65074e-005 0.999572 0.00033512 2.81352e-013 
5	3.57773e-006 0.0185482 5.32509e-026 0.0614087 0.916738 0.00330098 1.54326e-009 
5	1.21875e-008 6.32996e-005 1.61128e-021 0.208922 0.790752 0.000262842 3.67566e-011 
6	0.000326083 0.149256 1.41545e-018 0.00106338 0.0567013 0.792653 8.12252e-009 
4	5.66205e-007 0.000315869 1.1086e-025 0.509022 0.490602 5.88631e-005 2.86206e-011 
5	0.00057724 0.00390591 1.80326e-020 0.448187 0.544674 0.00264577 9.58227e-006 
6	0.00366306 0.110179 1.69594e-018 0.000806117 0.0103664 0.874983 2.76374e-006 
4	4.57772e-007 0.00197655 1.40426e-025 0.776467 0.191172 0.0303836 2.41271e-009 
5	1.96119e-006 1.64771e-005 5.14109e-024 0.255545 0.744085 0.00035157 2.55455e-010 
5	0.000230577 0.105401 4.75243e-024 0.00460238 0.857755 0.0320113 5.91659e-011 
5	2.22516e-008 0.00139529 9.15473e-017 5.65599e-007 0.996751 0.00185256 1.43098e-007 
4	1.93803e-008 7.79328e-005 2.35586e-022 0.739308 0.0896896 0.170924 5.88477e-011 
5	7.9755e-005 0.15649 1.15253e-019 0.00581789 0.832352 0.00526028 1.89482e-007 
6	0.000144558 0.222182 1.13625e-014 0.109124 0.33104 0.337445 6.47935e-005 
6	0.000233486 0.0234227 1.32704e-019 0.112732 0.0634348 0.800177 3.07825e-007 
2	0.0053455 0.994543 1.38653e-024 1.46326e-006 0.000107353 2.6673e-006 3.16351e-010 
5	4.8446e-007 2.77721e-005 2.7969e-023 0.0543273 0.941932 0.00371274 7.76368e-008 
6	9.10564e-005 0.00279132 2.58145e-024 0.000237548 0.00739172 0.989488 6.29468e-009 
4	2.38161e-006 0.000114517 1.13833e-025 0.635453 0.36442 9.90545e-006 6.70044e-009 
5	0.000931193 0.00628941 2.68285e-022 0.00877687 0.733397 0.250606 6.4612e-008 
5	0.000148916 0.0948915 2.54697e-021 0.00644947 0.505195 0.393314 8.91927e-007 
6	4.78301e-005 0.00430612 3.63633e-023 0.00116068 0.0245587 0.969927 9.00844e-011 
6	2.38237e-005 0.119021 7.6387e-019 0.00153105 0.0291865 0.850238 6.91417e-010 
2	0.00363664 0.992873 3.21676e-020 9.44221e-007 0.00303547 0.000453819 5.98907e-009 
4	9.5423e-005 0.0820339 2.99254e-024 0.716002 0.19927 0.00259871 2.82259e-007 
5	1.57135e-007 0.00594797 2.74707e-023 0.0742361 0.911106 0.00870963 1.83816e-008 
5	0.0049786 0.08833 1.70999e-017 0.00754032 0.476874 0.422274 3.12828e-006 
2	0.0496417 0.651332 3.16847e-023 0.00454179 0.294119 0.000366021 8.59927e-009 
5	2.9148e-007 0.00424471 5.60228e-025 0.0103217 0.789179 0.196255 6.59366e-009 
4	1.20634e-005 0.00352082 3.13763e-024 0.709324 0.184192 0.102952 1.5612e-010 
6	0.000165551 0.279963 3.9289e-021 0.00247374 0.0124304 0.704967 4.45256e-011 
5	0.0156123 0.263905 1.36817e-018 2.22505e-006 0.708405 0.0120725 2.8234e-006 
4	1.6446e-007 5.63397e-005 2.3935e-025 0.841353 0.15859 2.22891e-007 3.58786e-011 
5	1.76614e-005 0.120378 2.56076e-019 0.00171038 0.851915 0.0259456 3.3118e-005 
5	1.99699e-005 0.00956857 3.18442e-025 0.0768784 0.873572 0.0399607 5.9161e-009 
6	0.00761974 0.0416718 2.58246e-021 0.00706595 0.260544 0.683098 7.68137e-007 
6	5.7138e-005 5.50851e-005 1.31174e-019 0.0552065 0.0057183 0.938963 2.94236e-008 
4	0.00910081 9.26851e-006 5.52246e-013 0.953605 0.0372846 4.20016e-007 8.41598e-008 
4	6.06281e-008 4.95318e-007 1.40036e-023 0.967556 0.0010733 0.0313699 8.16508e-011 
5	0.0120172 0.332499 9.16015e-019 3.78096e-006 0.654917 0.000561307 1.64856e-006 
2	2.71151e-005 0.522145 1.88846e-022 0.0450844 0.272949 0.159794 2.93662e-008 
5	0.000201662 2.55273e-006 3.07768e-015 0.00605662 0.993516 0.000223005 1.3342e-007 
2	0.00164636 0.98482 1.95803e-021 1.51326e-009 0.0135314 1.97226e-006 1.17836e-012 
5	0.00223814 0.130123 7.72336e-025 0.009356 0.85741 0.00087301 1.09911e-010 
5	2.84586e-005 0.140196 9.46357e-024 0.000167021 0.855497 0.00411089 9.05832e-009 
4	2.35132e-006 0.000158545 5.94581e-024 0.968877 0.0304409 0.00052109 5.06583e-011 
6	0.00135206 0.0385493 1.24631e-021 0.192506 0.0449499 0.722642 1.64712e-007 
5	3.38784e-006 0.000550237 1.09583e-024 0.29547 0.700329 0.00364706 4.64435e-010 
5	0.00297524 0.0395159 3.42621e-022 0.00548768 0.950599 0.00142179 1.75432e-009 
2	0.0223892 0.957376 4.09772e-017 8.774e-006 0.000145171 0.0200809 2.05992e-007 
5	3.64958e-005 0.0156388 1.84563e-028 0.214482 0.764308 0.00553514 6.68334e-010 
5	8.24298e-007 0.193366 5.86941e-023 0.0088167 0.471644 0.326173 4.92537e-009 
6	0.00493934 0.0345126 4.29896e-020 0.00129207 0.00115988 0.958096 1.81501e-009 
6	0.00163762 0.00069919 1.35129e-013 0.0203779 0.00174294 0.975501 4.16559e-005 
4	8.73678e-012 1.34231e-009 4.28702e-029 0.8862 0.1138 1.66323e-008 7.7067e-014 
4	1.29293e-005 0.00165605 3.17957e-025 0.939707 0.0447267 0.0138969 1.10787e-009 
5	7.0674e-006 0.0277618 1.74271e-021 0.392065 0.558906 0.0212601 1.06929e-008 
5	3.05775e-006 0.0122077 6.64084e-020 0.343268 0.642317 0.00220475 4.95009e-008 
1	0.466038 0.437628 3.29704e-014 0.00314436 0.000493623 0.0926858 9.84348e-006 
6	0.00880865 0.0230292 4.06026e-018 0.000700737 7.15979e-005 0.96739 6.89882e-008 
2	0.197267 0.801725 2.6179e-018 1.23972e-006 0.000127019 0.000875387 4.5084e-006 
4	1.16095e-007 3.55329e-007 3.50342e-024 0.998062 0.00191452 2.26747e-005 4.78494e-009 
4	7.23478e-008 5.47568e-005 1.09952e-028 0.959769 0.0401052 7.09845e-005 1.41449e-012 
5	8.29321e-007 0.480031 7.09826e-018 1.92869e-005 0.518791 0.00115769 2.21716e-008 
5	2.91047e-006 3.84617e-006 1.76929e-021 6.32987e-007 0.99992 7.13868e-005 8.54186e-007 
4	1.23319e-006 5.68134e-005 1.71613e-023 0.983636 0.0163034 2.84558e-006 1.62155e-009 
6	1.11749e-006 2.24537e-006 7.64379e-020 4.40709e-005 1.53065e-005 0.999937 6.90902e-009 
5	2.73383e-006 7.31823e-006 4.76055e-021 0.200794 0.790129 0.00906668 5.0562e-010 
4	0.00147462 0.00718386 1.61466e-020 0.93335 0.054828 0.00316301 6.61274e-008 
5	5.45844e-006 0.275962 1.33434e-025 0.00432668 0.640658 0.0790471 1.91254e-010 
6	2.83223e-010 4.43268e-007 1.07973e-021 3.55277e-009 7.93498e-007 0.999999 4.54585e-012 
5	0.0637977 0.0594941 5.12577e-022 0.000506096 0.690753 0.185449 3.14308e-007 
4	2.06292e-009 6.41804e-006 1.48488e-026 0.979297 0.020637 5.91842e-005 3.64287e-012 
5	0.00243594 0.457559 2.54153e-023 0.00160177 0.493646 0.0447566 2.21346e-010 
4	2.98186e-006 0.00337399 1.09047e-027 0.968678 0.027767 0.000177974 1.68741e-010 
5	1.05104e-008 2.77646e-006 1.95407e-023 3.07072e-005 0.999963 3.91054e-006 3.58873e-010 
5	2.53113e-005 0.0869626 7.53273e-026 0.274017 0.585081 0.0539136 2.52316e-009 
6	4.36639e-006 6.25533e-006 1.00228e-012 0.00729543 3.42581e-006 0.992485 0.000205069 
6	2.70933e-006 0.0018892 4.69716e-023 4.21797e-005 0.0322956 0.96577 8.98313e-009 
6	0.00589946 0.0136665 1.91216e-023 0.0163385 0.00588947 0.958206 8.0322e-009 
4	0.00082956 0.0172034 1.94048e-022 0.843426 0.026127 0.112414 3.96656e-008 
2	0.000224493 0.998878 2.90175e-023 2.68561e-005 0.000138744 0.000732208 1.12026e-009 
5	4.86253e-007 0.00259284 2.21511e-025 0.0200692 0.890879 0.0864586 8.5188e-010 
2	0.000398938 0.688223 2.60774e-019 0.0314353 0.226931 0.053011 1.59814e-008 
5	2.9134e-005 0.262123 6.87457e-024 0.00342802 0.733623 0.000797716 9.4079e-010 
5	9.27659e-007 0.00220097 2.48018e-018 0.00469944 0.991636 0.00146268 5.88792e-011 
5	0.00250782 0.0415092 3.53528e-016 0.146491 0.489208 0.320283 1.01216e-006 
5	6.34321e-009 9.81288e-005 7.4903e-026 0.352707 0.646834 0.000361011 5.6291e-010 
1	0.843169 0.104331 2.37738e-017 0.000136797 6.70308e-006 0.0148111 0.0375454 
5	3.38506e-012 1.79503e-009 1.39975e-023 0.00111675 0.998875 8.45139e-006 9.28871e-011 
5	1.00711e-006 0.000428521 8.16551e-024 0.000201814 0.999361 7.63658e-006 1.15912e-008 
2	0.000260683 0.867377 9.81355e-020 3.70722e-006 0.00732877 0.12503 4.97595e-008 
2	0.0187976 0.397478 7.15658e-021 0.0147558 0.195795 0.373174 1.90948e-010 
6	0.207282 0.038819 9.46272e-020 0.000551278 0.000203024 0.753144 7.96129e-008 
6	1.56469e-006 0.000665238 1.35784e-022 0.000101531 0.0287527 0.970479 4.48081e-014 
2	0.000287795 0.536369 4.51843e-024 0.000261384 0.242781 0.220302 1.51479e-009 
4	7.16942e-008 9.4379e-010 6.45229e-023 0.988616 0.0112559 0.000127722 6.14768e-012 
4	4.27302e-008 9.7791e-008 6.32067e-025 0.997144 0.00284957 6.48766e-006 4.44626e-011 
5	3.3879e-008 0.000171096 2.19044e-023 0.30697 0.692152 0.00070698 1.73502e-007 
5	0.00264131 5.95432e-005 3.3454e-021 0.0920765 0.904001 0.00122051 1.22693e-006 
5	4.71375e-008 9.10422e-005 6.27319e-023 0.000712353 0.948382 0.0508142 3.35764e-009 
6	1.28499e-007 1.55128e-005 2.95645e-018 0.000224452 0.00756442 0.992195 1.3544e-007 
6	0.00830748 0.0103556 1.33472e-016 2.79574e-005 0.000718824 0.980588 1.59519e-006 
2	0.00184969 0.892366 3.08501e-021 0.00914133 0.0125108 0.0841205 1.19368e-005 
2	0.00105785 0.504071 3.82321e-016 0.0191497 0.00163464 0.474087 8.37865e-008 
5	3.57773e-006 0.0185482 5.32509e-026 0.0614087 0.916738 0.00330098 1.54326e-009 
2	0.0146288 0.642061 4.63597e-020 0.029208 0.312901 0.00119989 1.7455e-006 
5	1.16421e-005 0.029339 1.19309e-019 0.0159309 0.954688 1.59114e-005 1.47653e-005 
5	1.31841e-006 5.80226e-008 4.69871e-015 6.53048e-006 0.999966 1.99996e-005 6.31336e-006 
6	4.06155e-007 0.000188921 4.42132e-022 1.14013e-005 8.3351e-005 0.999716 5.11948e-011 
5	4.60225e-008 1.0554e-008 1.7696e-018 2.82651e-008 1 1.54828e-007 1.1889e-012 
5	4.36166e-005 0.00546871 8.51202e-024 0.00419806 0.644013 0.346276 1.70216e-007 
2	0.000873064 0.90066 1.05383e-023 0.0214452 0.0767843 0.00023773 7.24093e-008 
2	0.0017699 0.81054 5.82014e-022 0.00270818 0.166189 0.0187925 1.67146e-007 
5	9.97128e-007 0.0339136 5.817e-026 0.0212463 0.943488 0.00135076 2.65492e-012 
5	9.88827e-005 0.0124296 2.78857e-020 0.269468 0.557342 0.160661 4.58464e-008 
6	0.00951528 0.00566547 8.19362e-024 0.000330188 0.0228079 0.961681 3.30713e-009 
2	1.85759e-005 0.958875 6.53762e-022 1.04925e-005 0.0364961 0.00459929 8.00513e-011 
4	1.33136e-010 7.69867e-008 9.5681e-016 0.999898 6.53441e-005 3.64083e-005 5.29616e-009 
5	0.0021861 0.421013 3.27626e-020 0.00012544 0.518994 0.0576821 2.54614e-010 
2	0.00172872 0.937529 1.44015e-023 0.00053447 0.02857 0.0316379 1.12792e-009 
4	7.21292e-007 0.000159463 4.31952e-024 0.845856 0.15326 0.0007236 2.39114e-009 
4	7.84138e-006 0.000306273 2.26649e-024 0.88315 0.0796142 0.0369213 2.03268e-009 
2	0.000764052 0.796787 5.51245e-015 3.25817e-007 0.0150912 0.187306 5.16087e-005 
5	1.45995e-011 2.57134e-007 6.77971e-019 0.00426415 0.983392 0.0123434 4.23281e-010 
5	1.90336e-005 0.000535461 8.58938e-026 0.0176202 0.740209 0.241616 3.2191e-009 
4	1.3191e-007 0.000415397 3.35894e-025 0.935347 0.0639403 0.000297542 9.55312e-011 
2	0.0794597 0.906791 1.07063e-017 1.36545e-007 1.60584e-005 0.0137322 4.21821e-007 
4	1.69389e-005 0.000104032 1.67382e-022 0.970941 0.0288821 5.61611e-005 2.15794e-009 
4	4.06867e-008 2.23279e-005 6.22942e-023 0.951124 0.0110311 0.0378223 4.94871e-011 
4	0.000398543 0.217659 1.04604e-027 0.430772 0.348525 0.00264455 1.72901e-009 
2	1.81948e-005 0.905516 5.68398e-015 0.00381543 0.0383011 0.000396888 0.0519528 
2	0.00528915 0.96332 1.40055e-017 0.00486747 0.022461 0.00406178 7.52072e-007 
5	2.68819e-006 5.65067e-006 3.85032e-016 1.53461e-006 0.999867 0.000123499 2.8716e-012 
5	1.11796e-005 0.00645971 5.08635e-023 0.0288204 0.937598 0.0271102 1.22452e-009 
5	0.000111222 0.393298 1.10337e-022 9.38053e-005 0.604707 0.00178942 6.21432e-008 
5	3.0975e-008 0.000411456 7.28299e-021 0.403457 0.595661 0.000470328 8.24757e-008 
2	0.243875 0.657777 4.76076e-024 0.00147644 0.00208605 0.094785 2.64617e-008 
4	0.000333206 0.000168848 1.0193e-019 0.997999 0.00149606 3.12624e-006 5.11729e-009 
4	2.72412e-005 3.90751e-007 6.43914e-011 0.977768 0.0214052 0.000145816 0.00065354 
4	2.71364e-006 4.04453e-005 1.33227e-022 0.551366 0.439406 0.00918508 7.35962e-008 
5	4.14477e-008 9.98321e-005 7.57383e-031 0.327662 0.672183 5.46455e-005 1.00172e-011 
6	6.62627e-006 0.0207512 1.06722e-021 1.13948e-005 0.168045 0.811186 2.00985e-009 
6	8.29004e-006 0.000939214 4.00508e-025 4.10411e-005 0.000841456 0.99817 1.31725e-010 
2	1.68244e-006 0.992453 5.18069e-019 1.39874e-006 0.00505601 0.00248821 1.66682e-009 
2	0.0465822 0.94874 1.47324e-020 2.91507e-005 0.00378423 0.000864479 1.1846e-008 
2	1.5243e-005 0.997813 1.66511e-017 1.44564e-008 0.00135687 0.000815058 1.63117e-010 
4	0.0200452 0.0239098 1.79006e-013 0.816321 0.0043041 0.135407 1.30078e-005 
4	2.36173e-006 0.00423681 8.27863e-023 0.493414 0.488716 0.0136303 2.58981e-009 
6	0.00200249 0.079777 1.16226e-024 0.0217197 0.418081 0.478419 1.13934e-008 
6	7.98222e-006 0.00513192 4.123e-018 3.82955e-005 0.0112235 0.983598 2.98404e-009 
4	7.4014e-005 0.00465045 8.98265e-028 0.713037 0.282003 0.000236097 1.6615e-010 
4	3.70483e-005 0.00626823 3.10235e-023 0.707294 0.283306 0.00309465 7.02097e-009 
5	0.000923161 0.077109 7.58219e-020 0.0267745 0.496524 0.39867 1.05658e-007 
5	1.80619e-008 6.15026e-006 9.79199e-024 1.95549e-008 0.969506 0.0304879 3.49754e-012 
5	1.18931e-008 2.37331e-005 4.07149e-021 0.000481435 0.994865 0.00462976 2.02316e-010 
5	0.00210431 0.010744 2.60619e-023 0.000531201 0.983645 0.00297544 1.12531e-008 
5	2.2472e-005 0.000489683 8.72414e-027 0.0121021 0.933936 0.0534494 1.81762e-011 
4	0.00192421 0.00184832 4.1945e-024 0.637734 0.144902 0.213591 2.21035e-008 
6	9.34401e-005 0.000577469 3.59631e-012 2.15845e-006 5.83512e-005 0.999169 9.91104e-005 
6	3.99911e-006 0.000107147 3.78374e-020 1.77691e-008 0.000905978 0.998983 1.33238e-011 
4	2.92386e-010 1.00648e-007 1.25505e-021 0.97485 0.02515 4.46724e-008 5.87671e-011 
4	1.1823e-005 0.0103672 7.93506e-024 0.777719 0.211881 2.04352e-005 1.44841e-009 
2	0.0133577 0.972757 8.96361e-023 2.71995e-006 0.00647881 0.00740412 6.38748e-010 
6	6.936e-007 1.0677e-005 1.18761e-022 4.28637e-005 2.67719e-005 0.999919 1.31338e-012 
5	2.77767e-008 0.00360638 4.62115e-021 0.0659629 0.930422 8.46243e-006 1.14317e-007 
1	0.674608 0.0385042 2.05401e-023 0.192938 0.00158223 0.0923668 1.26761e-008 
6	0.00231083 0.209239 3.74564e-022 0.0794571 0.0148777 0.694115 3.28996e-007 
4	7.18032e-008 0.000259868 4.69521e-023 0.696073 0.299113 0.00455414 8.07597e-011 
6	2.28653e-005 0.000235213 4.55385e-024 0.0259832 0.0292567 0.944502 2.43679e-010 
5	3.32688e-005 0.163406 1.41837e-023 0.000299027 0.830605 0.00565671 3.84098e-010 
5	7.8958e-010 0.0008573 1.46686e-021 0.00518891 0.993687 0.000267087 3.87249e-010 
2	0.13482 0.865016 1.89512e-019 1.76069e-006 9.42194e-005 6.60977e-005 1.86046e-006 
6	9.76169e-005 0.00107683 5.74743e-018 3.79171e-005 0.00368266 0.995105 1.98955e-011 
5	6.44902e-007 0.053259 7.82787e-025 0.12202 0.695666 0.129055 5.22689e-010 
6	6.34797e-007 0.000129226 1.13096e-024 8.48707e-008 0.00010124 0.999769 4.62774e-013 
4	0.000117669 6.7331e-005 4.7808e-024 0.808496 0.181998 0.00931958 1.38808e-006 
1	0.816547 0.0632311 7.42757e-018 0.00306594 0.00157951 0.115576 6.07747e-008 
6	0.00106032 0.0413361 1.28571e-019 0.389877 0.120859 0.446867 7.74208e-007 
4	6.89573e-008 8.75552e-007 2.18845e-025 0.97559 0.024235 0.000174323 3.31999e-013 
4	1.62206e-007 1.43819e-006 1.28041e-025 0.991671 0.00832602 1.29909e-006 8.67607e-010 
6	0.033575 0.0255071 1.6714e-017 0.000145898 0.105194 0.835576 1.30785e-006 
5	0.000169846 0.0010404 2.61296e-025 0.217722 0.781055 1.27364e-005 5.6719e-011 
6	0.0135454 0.231772 5.5221e-018 0.000493414 0.000508045 0.753681 1.32125e-007 
5	8.30804e-005 0.0295818 1.26217e-027 0.152364 0.817726 0.000245163 1.2428e-009 
5	1.81487e-005 0.00103683 1.33919e-025 0.0299698 0.968504 0.000471756 6.82964e-011 
5	1.91702e-005 0.0481846 5.46189e-022 5.20679e-005 0.951734 1.00333e-005 6.24107e-011 
2	1.87177e-005 0.993786 1.88562e-020 0.000107147 0.00210724 0.00398088 1.612e-007 
6	0.0216828 0.00872342 3.81831e-021 0.0118515 0.00166142 0.956081 3.29144e-007 
5	6.22297e-008 3.66101e-006 8.75064e-026 0.00117258 0.998814 9.50955e-006 4.65603e-013 
5	3.50613e-007 0.000590313 2.77859e-022 0.262267 0.720924 0.0162179 3.01322e-012 
5	6.43931e-005 0.352647 1.40937e-023 0.0441949 0.394097 0.208997 8.5194e-010 
6	0.000159514 0.00279638 8.28985e-023 6.33795e-005 0.000761636 0.996219 6.74386e-011 
5	0.00816256 0.000720082 7.61316e-019 5.03038e-005 0.987656 0.00341088 4.75677e-009 
6	0.000229159 0.000186808 7.86523e-020 0.00198877 0.0580601 0.939534 6.71253e-007 
5	1.64148e-008 2.64275e-005 6.83885e-026 0.126611 0.873283 7.86804e-005 5.01842e-011 
5	5.86216e-008 0.00132552 3.22137e-026 0.48736 0.511275 3.9031e-005 1.78573e-010 
6	3.89582e-006 0.000534813 1.54916e-012 8.48977e-005 0.0605889 0.938774 1.39496e-005 
4	3.40002e-005 0.0290253 2.60551e-023 0.849065 0.102345 0.01953 1.90541e-009 
4	4.60376e-009 6.34774e-006 2.10495e-026 0.816745 0.183181 6.71307e-005 2.41402e-010 
5	4.81981e-008 0.000487441 2.8434e-024 0.000742907 0.81801 0.18076 2.84972e-012 
5	0.000615928 0.167689 8.6622e-024 0.00763929 0.468733 0.355323 1.61313e-008 
6	0.000804276 0.350684 4.7154e-017 7.33523e-005 0.0545843 0.593854 2.13361e-007 
2	0.000641297 0.939889 9.86687e-017 5.61707e-007 0.0001784 0.0592909 7.1101e-008 
6	0.000864047 0.00260874 3.56489e-020 0.242282 0.370209 0.384035 6.41436e-007 
5	9.64101e-006 0.000178604 1.69065e-017 4.08237e-005 0.99913 0.000620806 2.02768e-005 
6	8.72407e-006 0.00955514 5.41974e-017 0.145416 0.138689 0.706302 2.92544e-005 
5	5.24798e-006 0.059168 1.41458e-017 0.0125437 0.922526 0.00575757 3.86753e-009 
5	4.95781e-005 0.00805864 1.39218e-022 0.459203 0.52139 0.011299 3.77548e-008 
4	9.2585e-005 0.0600135 6.58155e-023 0.553442 0.313368 0.0730832 2.81623e-008 
4	0.000448751 0.00259016 1.14858e-020 0.604057 0.0991164 0.293788 2.3196e-007 
2	0.000251791 0.664336 3.50528e-014 0.271609 0.032856 0.0307821 0.000165585 
2	4.85593e-005 0.627907 1.3305e-023 0.00312474 0.363316 0.00560276 1.3654e-006 
4	2.14327e-007 4.82577e-005 8.24419e-024 0.97262 0.0258156 0.0015161 6.43217e-011 
6	0.000136059 0.0189589 4.32907e-020 0.00283623 0.341799 0.63627 8.78718e-009 
5	0.000275193 0.0847085 1.7255e-023 0.217911 0.61344 0.0836655 2.48964e-010 
2	0.0795037 0.83008 7.13854e-021 3.17225e-007 0.00422088 0.0861952 1.17691e-007 
6	4.09371e-008 2.22013e-005 3.4981e-020 3.76969e-008 0.00472493 0.995253 9.77943e-011 
5	6.26027e-008 0.000576293 7.62569e-023 1.23943e-006 0.980956 0.0184663 1.7459e-011 
5	4.83409e-007 0.000176925 5.77536e-023 0.0259544 0.973852 1.64888e-005 2.42945e-009 
6	0.000327113 0.000338487 1.2516e-017 0.284233 0.00801278 0.707088 2.49671e-007 
5	8.02398e-006 0.185245 4.43206e-019 9.39936e-007 0.808814 0.00593246 2.57675e-007 
5	2.51288e-006 0.00135483 2.13754e-023 0.472514 0.525509 0.000618589 6.3944e-007 
5	0.000141331 0.00149438 3.29148e-024 0.0231508 0.640671 0.334543 4.7971e-009 
4	1.16498e-005 0.0149065 1.04142e-020 0.905445 0.077184 0.00243257 1.97337e-005 
2	0.293729 0.615631 8.02827e-021 0.00563827 0.0515889 0.0334132 3.07836e-007 
4	7.9852e-006 0.00236953 5.16254e-023 0.422527 0.273621 0.301474 5.89278e-011 
5	2.50839e-007 0.00945381 3.82565e-025 0.0201453 0.969923 0.000477736 8.89134e-010 
4	1.23415e-008 8.86937e-006 1.38602e-025 0.932214 0.061429 0.00634808 3.76305e-011 
4	0.00731194 0.00935183 2.52389e-021 0.955281 0.0266482 0.00140652 1.94597e-007 
6	6.20607e-006 0.0156082 1.29678e-026 0.00018061 0.331807 0.652398 3.91627e-010 
4	1.65241e-005 0.0021121 9.6959e-023 0.69835 0.103679 0.195841 7.74394e-007 
4	0.277287 0.0540845 1.87282e-020 0.650652 0.0164386 0.00153787 4.49642e-010 
5	5.25971e-005 0.0634804 1.10082e-025 0.0297023 0.906251 0.000513609 1.03107e-010 
